Sample	PC1	PC2	PC3	PC4	PC5	PC6	PC7	PC8	PC9	PC10	PC11	PC12	PC13	PC14	PC15	PC16	PC17	PC18	PC19	PC20	Variance
0	-0.0005545230938369198	-1.2961779282742705	-0.013251379226438428	-0.0011396453681148655	0.0	-0.00019847387575283715	0.0	0.0	0.0	-0.011670247774835843	0.0	-0.14882529960791077	-0.011940074590789992	-0.010404744733500133	-0.0011442719731352736	-0.05857513068327449	0.0	-0.0003464547453527638	-0.0006440634020372224	-0.27265560895190943	0.49920195011399454
1	-8.37209366167289e-06	-0.51417291506074	0.0007256130437025036	0.003056671939815162	0.0	0.0001274924791678272	0.0	0.0	0.0	-0.001475385483510145	0.0	0.043946990798529054	-0.0003961484642667247	-0.0031014279821497378	-0.0009384431049986802	0.006768427321618252	0.0	0.0014277017567471144	0.0007209517552155829	0.0036653409995485325	0.29440050626092235
2	-0.000541045910588868	0.004707266303286694	-0.010483854615135608	0.0005727115798594419	0.0	-0.00013443658417184332	0.0	0.0	0.0	-0.0061954141414461	0.0	0.0022928262710623796	0.0038915086723220163	0.0026732153440916684	-0.0011485010813984612	0.029171690942855877	0.0	-0.0008912262918247787	-0.00020998013871385135	-0.08367384172143588	0.12969434618612902
3	-0.00010204626107980073	-0.0019508995950010173	7.36583763332045e-05	-5.494151320591303e-05	0.0	0.00017683916266897674	0.0	0.0	0.0	0.00200190542379782	0.0	-0.000709121738628526	-0.0036293356236407346	-0.002254517527286684	0.00010662910447322629	-0.041257507362971346	0.0	-0.0003689477198891658	-0.0007866886265059422	-0.010283968902344254	0.02906269344287774
4	-0.000332700694462489	0.0014020919873717489	-0.005480211812264676	-0.002023278909490279	0.0	0.000118755762138494	0.0	0.0	0.0	-0.006550722281098264	0.0	-0.024491052921299983	-0.005641638729968502	-0.000920587387993654	-0.0009178186265351781	0.04492865982912301	0.0	-0.001832466480056519	-0.0007776090503887924	-0.08558890486712142	0.019336898382892834
5	-0.00012415982043486828	0.30452358867758744	-0.0008519378375860597	-0.0021575109967803333	0.0	-1.6486995539239812e-05	0.0	0.0	0.0	-0.0004762674015075129	0.0	0.004536429356593112	0.00344295512577317	0.008644946482451253	-0.000719943396796016	0.0770286528748726	0.0	-0.001474524462638275	-0.0007235106835815461	-0.01892852929121695	0.018318111072716116
6	0.00013161558353152195	0.06334147693180817	0.0017470150932963311	-0.0014724214161732237	0.0	0.00022499732263806603	0.0	0.0	0.0	0.0011002081146449837	0.0	0.02602643778229671	0.0002102477847454779	-0.0013796252001543506	0.00010027799426573984	-0.010052714219334936	0.0	9.313542386393539e-05	0.00036298753012838666	0.007324862117076767	0.004993989469788421
7	2.212454893822499e-06	0.060236362729079646	-0.005225458257958363	0.00022656427420947366	0.0	0.00011456965941736173	0.0	0.0	0.0	0.0032596762627936393	0.0	-0.025582467786839237	0.005947133897743619	-0.0008779848654522964	-0.00012917975661530016	-0.020650811191272513	0.0	-0.0017173468054220177	-0.0017827050391854991	0.028910096053895374	0.002059623084967926
8	0.00026653772682229247	0.08904806932106166	0.000832512100139841	1.1111218691451374e-05	0.0	-6.301514020956026e-05	0.0	0.0	0.0	-0.002692899088556482	0.0	0.031998353708565117	-0.008518975327627624	0.009195091153327725	6.578144225520788e-05	0.01134607094825365	0.0	-0.001545670485447617	0.0021781328244084687	-0.007230869093567659	0.0008945461616552378
9	-0.00018932973519953858	0.016817921975205232	-0.003620403002603675	-0.000894687188474788	0.0	-9.247777670014692e-05	0.0	0.0	0.0	-0.0001616635126087948	0.0	0.01428133853356926	0.0018636589093410994	-0.001092653766155542	-0.0012523587201464024	0.0011997712551252734	0.0	-0.0008709913359640521	0.00018620462184265163	-0.026029404393418228	0.0007440109221832951
10	0.0009646056205488116	0.0769312562037393	0.0015795543945241169	-0.0005312028529938539	0.0	1.857749314542097e-05	0.0	0.0	0.0	-0.0016561881324073237	0.0	0.02008123649933274	0.002860201462228213	0.002652727988837483	-0.00033730180156311084	0.004304125464244644	0.0	0.0008490180587770967	0.0002826765609166022	0.031005969824654693	0.0003708658282100668
11	-0.0005170333159965657	0.04277623219510727	0.004655945947870841	0.00017883334689654476	0.0	2.63995314242443e-05	0.0	0.0	0.0	-0.00110143961774056	0.0	-0.0027325465552546224	0.0045958919985101465	-0.003960106175879563	-0.00034583469502162987	0.00627809949107269	0.0	0.002689639797543677	0.00011856036865297538	-0.014502055126622684	0.0002922771007340787
12	-0.0006517147593181342	0.0991021773636042	-0.0067784987100957435	0.0010705160061693438	0.0	-4.403591120164445e-05	0.0	0.0	0.0	0.0004921081406457612	0.0	-0.01791481449009397	0.003264606334395452	0.001754639162323744	-0.00048322679882770023	0.009276673332723704	0.0	0.0002293879751843549	-0.00040114693689813217	-0.019207838009414464	0.0002474577335761054
13	5.4300067607236173e-05	-0.0974692892959568	0.0023766547728470092	0.0007063703928735054	0.0	-3.401715907724302e-05	0.0	0.0	0.0	-0.0010170823438167417	0.0	-0.0021017920279361416	0.0022865307544111483	0.0016818748333531635	-0.0005666449192566297	0.016998937035325852	0.0	0.0015464683911217334	-0.0007058712781566963	-0.02416888457299765	0.00015267462354597757
14	0.00026705112047524114	0.07313262393943877	-0.0006683293656192142	-0.0011447629667376926	0.0	0.0002612906303108026	0.0	0.0	0.0	-0.0022064753304868803	0.0	-0.002729547564323347	-0.005985829283537919	-0.0009391921298165776	-8.159260595716731e-05	-0.0014065654992355056	0.0	0.0007244733566088802	0.00013316892691766014	0.012741067807084444	7.437452974635148e-05
15	-0.00031001334636891623	0.0066831966464475255	-0.0031778169119599108	-5.0601470641093106e-05	0.0	-0.00037696570969012225	0.0	0.0	0.0	-0.003442762573754681	0.0	-0.011345276908533528	-0.005236848157066705	0.00043462340634089255	-2.3593553444589317e-05	0.012953063479238067	0.0	1.1758345383343175e-05	-0.0001205335381820864	0.03311822190084495	6.736662468599879e-05
16	4.967356023808467e-05	0.0007071200132034293	0.0008769695843443001	-0.00027427717820006643	0.0	-5.372448991368754e-06	0.0	0.0	0.0	-0.00040341328074796257	0.0	-0.0046659519628576345	0.0017142128809912545	0.0003248273885246369	3.50508649211824e-05	-0.00029269348201967717	0.0	-0.0007809739081610096	0.0001357394305830293	0.010262573916992491	3.7775302927688234e-05
17	3.780122964705823e-05	-0.023150466261091473	0.0013990677010498006	-3.594486098747979e-05	0.0	1.4235484090415075e-06	0.0	0.0	0.0	0.00010089161011215934	0.0	-0.003823492238281414	0.0002574345212888004	-9.83437846031633e-05	-0.00043649827986166445	0.0014617833448275122	0.0	0.00016864624373104172	-0.00026719880587550794	0.003880856298544547	2.5975694172460756e-05
18	-0.00015988059589672334	0.004095308926080378	0.0004343299601536433	-0.0008903911087973348	0.0	-9.243987632065451e-05	0.0	0.0	0.0	-0.0003540062799416441	0.0	-0.0009775289763764307	0.0022207474019181744	0.002118624423018136	-0.000389873917226855	-0.001524363573749046	0.0	-0.0011632990266294792	0.0004240537405211095	0.0025496191854794143	2.4557464273716977e-05
19	-7.116635733603502e-18	-2.1475486371824032e-15	1.7669959229834334e-17	4.46057115187581e-17	0.0	3.66035673914396e-18	0.0	0.0	0.0	9.881542793809683e-17	0.0	-8.425747279510217e-16	1.1616820684852566e-16	-4.190961055545601e-17	8.199112250418366e-18	-4.84269853497221e-16	0.0	-5.894840003010501e-18	-3.3953258495084764e-17	-7.984465881824063e-16	3.2424484021578866e-30
